Global Hbc matrix:

26.64976 -1.10737 0.00000 0.00000 -1.10737 -10.84256 0.00000 0.00000 0.00000 0.00000 0.00000 0.00000 0.00000 0.00000 0.00000 0.00000 
-1.10737 43.54205 -3.08283 0.00000 -6.12592 -8.29576 -13.32828 0.00000 0.00000 0.00000 0.00000 0.00000 0.00000 0.00000 0.00000 0.00000 
0.00000 -3.08283 40.90558 -4.28064 0.00000 -4.38474 -8.50340 -12.45020 0.00000 0.00000 0.00000 0.00000 0.00000 0.00000 0.00000 0.00000 
0.00000 0.00000 -4.28064 20.31210 0.00000 0.00000 -4.95459 -4.28064 0.00000 0.00000 0.00000 0.00000 0.00000 0.00000 0.00000 0.00000 
-1.10737 -6.12592 0.00000 0.00000 43.54205 -8.29576 0.00000 0.00000 -3.08283 -13.32828 0.00000 0.00000 0.00000 0.00000 0.00000 0.00000 
-10.84256 -8.29576 -4.38474 0.00000 -8.29576 71.13268 -9.86213 0.00000 -4.38474 -9.86213 -15.20485 0.00000 0.00000 0.00000 0.00000 0.00000 
0.00000 -13.32828 -8.50340 -4.95459 0.00000 -9.86213 71.60726 -8.50340 0.00000 -3.26505 -9.86213 -13.32828 0.00000 0.00000 0.00000 0.00000 
0.00000 0.00000 -12.45020 -4.28064 0.00000 0.00000 -8.50340 40.90558 0.00000 0.00000 -4.38474 -3.08283 0.00000 0.00000 0.00000 0.00000 
0.00000 0.00000 0.00000 0.00000 -3.08283 -4.38474 0.00000 0.00000 40.90558 -8.50340 0.00000 0.00000 -4.28064 -12.45020 0.00000 0.00000 
0.00000 0.00000 0.00000 0.00000 -13.32828 -9.86213 -3.26505 0.00000 -8.50340 71.60726 -9.86213 0.00000 -4.95459 -8.50340 -13.32828 0.00000 
0.00000 0.00000 0.00000 0.00000 0.00000 -15.20485 -9.86213 -4.38474 0.00000 -9.86213 71.13268 -8.29576 0.00000 -4.38474 -8.29576 -10.84257 
0.00000 0.00000 0.00000 0.00000 0.00000 0.00000 -13.32828 -3.08283 0.00000 0.00000 -8.29576 43.54205 0.00000 0.00000 -6.12592 -1.10737 
0.00000 0.00000 0.00000 0.00000 0.00000 0.00000 0.00000 0.00000 -4.28064 -4.95459 0.00000 0.00000 20.31210 -4.28064 0.00000 0.00000 
0.00000 0.00000 0.00000 0.00000 0.00000 0.00000 0.00000 0.00000 -12.45020 -8.50340 -4.38474 0.00000 -4.28064 40.90558 -3.08283 0.00000 
0.00000 0.00000 0.00000 0.00000 0.00000 0.00000 0.00000 0.00000 0.00000 -13.32828 -8.29576 -6.12592 0.00000 -3.08283 43.54205 -1.10737 
0.00000 0.00000 0.00000 0.00000 0.00000 0.00000 0.00000 0.00000 0.00000 0.00000 -10.84257 -1.10737 0.00000 0.00000 -1.10737 26.64976 
