Global Hbc matrix:

26.83184 -1.14413 0.00000 0.00000 -1.14413 -10.95111 0.00000 0.00000 0.00000 0.00000 0.00000 0.00000 0.00000 0.00000 0.00000 0.00000 
-1.14413 43.36153 -3.59547 0.00000 -6.08916 -7.66571 -13.26517 0.00000 0.00000 0.00000 0.00000 0.00000 0.00000 0.00000 0.00000 0.00000 
0.00000 -3.59547 40.76302 -4.38300 0.00000 -4.49472 -7.73822 -12.34784 0.00000 0.00000 0.00000 0.00000 0.00000 0.00000 0.00000 0.00000 
0.00000 0.00000 -4.38300 20.77513 0.00000 0.00000 -5.21289 -4.38301 0.00000 0.00000 0.00000 0.00000 0.00000 0.00000 0.00000 0.00000 
-1.14413 -6.08916 0.00000 0.00000 43.36153 -7.66571 0.00000 0.00000 -3.59547 -13.26517 0.00000 0.00000 0.00000 0.00000 0.00000 0.00000 
-10.95111 -7.66571 -4.49472 0.00000 -7.66571 71.04508 -10.28413 0.00000 -4.49472 -10.28413 -15.20485 0.00000 0.00000 0.00000 0.00000 0.00000 
0.00000 -13.26517 -7.73822 -5.21289 0.00000 -10.28413 71.05298 -7.73822 0.00000 -3.26505 -10.28413 -13.26517 0.00000 0.00000 0.00000 0.00000 
0.00000 0.00000 -12.34784 -4.38301 0.00000 0.00000 -7.73822 40.76302 0.00000 0.00000 -4.49472 -3.59547 0.00000 0.00000 0.00000 0.00000 
0.00000 0.00000 0.00000 0.00000 -3.59547 -4.49472 0.00000 0.00000 40.76302 -7.73822 0.00000 0.00000 -4.38300 -12.34784 0.00000 0.00000 
0.00000 0.00000 0.00000 0.00000 -13.26517 -10.28413 -3.26505 0.00000 -7.73822 71.05298 -10.28413 0.00000 -5.21289 -7.73822 -13.26517 0.00000 
0.00000 0.00000 0.00000 0.00000 0.00000 -15.20485 -10.28413 -4.49472 0.00000 -10.28413 71.04508 -7.66571 0.00000 -4.49472 -7.66571 -10.95111 
0.00000 0.00000 0.00000 0.00000 0.00000 0.00000 -13.26517 -3.59547 0.00000 0.00000 -7.66571 43.36153 0.00000 0.00000 -6.08916 -1.14413 
0.00000 0.00000 0.00000 0.00000 0.00000 0.00000 0.00000 0.00000 -4.38300 -5.21289 0.00000 0.00000 20.77513 -4.38301 0.00000 0.00000 
0.00000 0.00000 0.00000 0.00000 0.00000 0.00000 0.00000 0.00000 -12.34784 -7.73822 -4.49472 0.00000 -4.38301 40.76302 -3.59547 0.00000 
0.00000 0.00000 0.00000 0.00000 0.00000 0.00000 0.00000 0.00000 0.00000 -13.26517 -7.66571 -6.08916 0.00000 -3.59547 43.36153 -1.14413 
0.00000 0.00000 0.00000 0.00000 0.00000 0.00000 0.00000 0.00000 0.00000 0.00000 -10.95111 -1.14413 0.00000 0.00000 -1.14413 26.83184 
