Global C matrix:

1139.58554 543.34303 0.00000 0.00000 543.34304 258.44665 0.00000 0.00000 0.00000 0.00000 0.00000 0.00000 0.00000 0.00000 0.00000 0.00000 
543.34303 1721.04387 325.99548 0.00000 258.44665 829.83525 160.87926 0.00000 0.00000 0.00000 0.00000 0.00000 0.00000 0.00000 0.00000 0.00000 
0.00000 325.99548 1033.86970 195.34766 0.00000 160.87926 525.92276 104.28626 0.00000 0.00000 0.00000 0.00000 0.00000 0.00000 0.00000 0.00000 
0.00000 0.00000 195.34766 364.24558 0.00000 0.00000 104.28626 195.34766 0.00000 0.00000 0.00000 0.00000 0.00000 0.00000 0.00000 0.00000 
543.34304 258.44665 0.00000 0.00000 1721.04386 829.83524 0.00000 0.00000 325.99546 160.87925 0.00000 0.00000 0.00000 0.00000 0.00000 0.00000 
258.44665 829.83525 160.87926 0.00000 829.83524 2859.34166 612.88912 0.00000 160.87925 612.88911 147.68378 0.00000 0.00000 0.00000 0.00000 0.00000 
0.00000 160.87926 525.92276 104.28626 0.00000 612.88912 2260.33332 525.92277 0.00000 147.68378 612.88915 160.87926 0.00000 0.00000 0.00000 0.00000 
0.00000 0.00000 104.28626 195.34766 0.00000 0.00000 525.92277 1033.86969 0.00000 0.00000 160.87926 325.99547 0.00000 0.00000 0.00000 0.00000 
0.00000 0.00000 0.00000 0.00000 325.99546 160.87925 0.00000 0.00000 1033.86972 525.92278 0.00000 0.00000 195.34769 104.28628 0.00000 0.00000 
0.00000 0.00000 0.00000 0.00000 160.87925 612.88911 147.68378 0.00000 525.92278 2260.33340 612.88916 0.00000 104.28628 525.92282 160.87927 0.00000 
0.00000 0.00000 0.00000 0.00000 0.00000 147.68378 612.88915 160.87926 0.00000 612.88916 2859.34169 829.83521 0.00000 160.87927 829.83522 258.44664 
0.00000 0.00000 0.00000 0.00000 0.00000 0.00000 160.87926 325.99547 0.00000 0.00000 829.83521 1721.04380 0.00000 0.00000 258.44664 543.34301 
0.00000 0.00000 0.00000 0.00000 0.00000 0.00000 0.00000 0.00000 195.34769 104.28628 0.00000 0.00000 364.24564 195.34769 0.00000 0.00000 
0.00000 0.00000 0.00000 0.00000 0.00000 0.00000 0.00000 0.00000 104.28628 525.92282 160.87927 0.00000 195.34769 1033.86979 325.99548 0.00000 
0.00000 0.00000 0.00000 0.00000 0.00000 0.00000 0.00000 0.00000 0.00000 160.87927 829.83522 258.44664 0.00000 325.99548 1721.04381 543.34301 
0.00000 0.00000 0.00000 0.00000 0.00000 0.00000 0.00000 0.00000 0.00000 0.00000 258.44664 543.34301 0.00000 0.00000 543.34301 1139.58550 
