Simulation results:

Time: 50.00000 s
Temperatures: 365.81553 249.01542 249.01542 365.81553 249.01542 110.03807 110.03807 249.01542 249.01542 110.03807 110.03807 249.01542 365.81553 249.01542 249.01542 365.81553 
Minimum Temperature: 110.03807
Maximum Temperature: 365.81553

Time: 100.00000 s
Temperatures: 502.59176 353.09996 353.09996 502.59176 353.09996 168.83716 168.83716 353.09996 353.09996 168.83716 168.83716 353.09996 502.59176 353.09996 353.09996 502.59176 
Minimum Temperature: 168.83716
Maximum Temperature: 502.59176

Time: 150.00000 s
Temperatures: 587.37269 434.59741 434.59741 587.37269 434.59741 242.80102 242.80102 434.59741 434.59741 242.80102 242.80102 434.59741 587.37269 434.59741 434.59741 587.37269 
Minimum Temperature: 242.80102
Maximum Temperature: 587.37269

Time: 200.00000 s
Temperatures: 649.38749 503.47237 503.47237 649.38749 503.47237 318.61477 318.61477 503.47237 503.47237 318.61477 318.61477 503.47237 649.38749 503.47237 503.47237 649.38749 
Minimum Temperature: 318.61477
Maximum Temperature: 649.38749

Time: 250.00000 s
Temperatures: 700.06842 564.17105 564.17105 700.06842 564.17105 391.25596 391.25596 564.17105 564.17105 391.25596 391.25596 564.17105 700.06842 564.17105 564.17105 700.06842 
Minimum Temperature: 391.25596
Maximum Temperature: 700.06842

Time: 300.00000 s
Temperatures: 744.06334 618.77477 618.77477 744.06334 618.77477 459.03707 459.03707 618.77477 618.77477 459.03707 459.03707 618.77477 744.06334 618.77477 618.77477 744.06334 
Minimum Temperature: 459.03707
Maximum Temperature: 744.06334

Time: 350.00000 s
Temperatures: 783.38284 668.36435 668.36435 783.38284 668.36435 521.58643 521.58643 668.36435 668.36435 521.58643 521.58643 668.36435 783.38284 668.36435 668.36435 783.38284 
Minimum Temperature: 521.58643
Maximum Temperature: 783.38284

Time: 400.00000 s
Temperatures: 818.99218 713.59262 713.59262 818.99218 713.59262 579.03460 579.03460 713.59262 713.59262 579.03460 579.03460 713.59262 818.99218 713.59262 713.59262 818.99218 
Minimum Temperature: 579.03460
Maximum Temperature: 818.99218

Time: 450.00000 s
Temperatures: 851.43103 754.92100 754.92100 851.43103 754.92100 631.68938 631.68938 754.92100 754.92100 631.68938 631.68938 754.92100 851.43103 754.92100 754.92100 851.43103 
Minimum Temperature: 631.68938
Maximum Temperature: 851.43103

Time: 500.00000 s
Temperatures: 881.05762 792.71701 792.71701 881.05762 792.71701 679.90773 679.90773 792.71701 792.71701 679.90773 679.90773 792.71701 881.05762 792.71701 792.71701 881.05762 
Minimum Temperature: 679.90773
Maximum Temperature: 881.05762

